11 12
11 22
12 20
12 22
12 25
12 43
12 45
12 50
14 15
14 33
14 38
16 22
16 45
16 46
16 50
18 22
18 23
18 25
18 26
18 27
18 28
18 29
18 30
18 32
18 33
18 55
18 57
20 33
20 43
20 45
20 50
22 33
22 36
22 38
22 43
22 45
22 46
22 49
22 50
22 55
23 27
23 29
23 30
23 32
23 33
25 26
25 27
25 28
25 29
25 32
25 33
25 38
25 43
25 50
27 28
27 29
27 30
27 32
27 33
28 29
28 30
28 32
28 33
29 30
29 32
29 33
29 38
29 43
30 32
30 33
30 36
30 38
30 43
32 33
32 43
32 52
33 38
33 45
33 49
36 38
36 43
38 43
38 45
38 50
3 11
3 12
3 16
3 4
3 6
3 7
3 8
43 45
43 50
45 46
45 50
46 49
46 50
46 55
4 11
4 12
4 18
4 20
49 52
50 55
50 57
55 57
6 12
6 14
6 15
6 20
6 22
6 25
6 29
6 38
6 43
6 50
7 11
7 12
7 20
7 33
7 36
8 50
8 55
8 57
