0 1
0 2
9 10
9 13
9 14
9 15
10 13
10 14
10 15
11 12
11 19
11 39
12 19
12 25
12 39
12 44
13 14
14 15
14 29
16 22
16 24
16 45
16 48
16 49
16 50
16 51
17 20
17 24
17 42
17 43
17 55
17 57
18 23
18 24
18 29
18 35
19 39
19 41
19 44
20 43
20 50
20 56
21 25
22 24
22 45
22 48
22 49
22 50
22 51
23 24
23 26
23 27
23 28
23 29
23 30
23 31
23 32
23 33
23 34
23 35
24 30
24 34
24 42
24 45
24 46
24 47
24 51
24 55
24 57
25 26
25 33
25 43
25 45
26 30
26 31
26 32
26 33
26 34
26 35
26 37
26 43
26 53
26 58
27 28
27 30
27 31
27 32
27 33
27 34
27 35
28 30
28 31
28 32
28 33
28 34
2 20
2 43
2 50
2 56
2 6
29 33
29 35
30 31
30 32
30 33
30 34
31 32
31 33
31 34
32 33
32 34
32 35
33 34
33 35
33 56
34 57
36 39
36 40
37 38
37 43
38 43
3 9
3 10
3 13
3 14
3 15
3 17
3 5
39 40
39 41
39 44
40 41
40 44
41 44
42 50
42 55
42 57
43 50
43 52
43 53
43 54
43 56
43 58
43 60
45 46
45 48
45 51
46 47
46 50
46 51
47 51
48 49
48 51
4 11
4 12
4 19
49 50
49 51
50 51
50 56
51 55
52 53
52 54
53 54
53 58
53 60
54 58
54 60
55 57
58 60
5 9
5 10
5 13
5 14
5 15
6 20
6 33
6 43
6 50
6 56
7 11
7 12
7 36
7 39
7 40
7 41
7 44
8 17
8 24
8 42
8 50
8 55
8 57
